-------------------------------------------------------------
|      |    sin     |    cos     |    tan     |     ctg     |
-------------------------------------------------------------
| 13.0 | 0.22835087 | 0.97357890 | 0.23454788 | 4.26352176 |
-------------------------------------------------------------
| 17.0 | 0.29570805 | 0.95527836 | 0.30955171 | 3.23047804 |
-------------------------------------------------------------
| 21.0 | 0.36162457 | 0.93232380 | 0.38787444 | 2.57815392 |
-------------------------------------------------------------
| 25.0 | 0.42577929 | 0.90482705 | 0.47056428 | 2.12510817 |
-------------------------------------------------------------
| 29.0 | 0.48785966 | 0.87292208 | 0.55888111 | 1.78928932 |
-------------------------------------------------------------
| 33.0 | 0.54756322 | 0.83676431 | 0.65438166 | 1.52816018 |
-------------------------------------------------------------
| 37.0 | 0.60459911 | 0.79652992 | 0.75904131 | 1.31745135 |
-------------------------------------------------------------
| 41.0 | 0.65868946 | 0.75241491 | 0.87543382 | 1.14229080 |
-------------------------------------------------------------
| 45.0 | 0.70957074 | 0.70463421 | 1.700580   | 0.99304294 |
-------------------------------------------------------------
| 49.0 | 0.75699506 | 0.65342060 | 1.15851115 | 0.86317685 |
-------------------------------------------------------------
| 53.0 | 0.80073137 | 0.59902360 | 1.33672759 | 0.74809558 |
-------------------------------------------------------------
| 57.0 | 0.84056660 | 0.54170821 | 1.55169626 | 0.64445602 |
-------------------------------------------------------------
| 61.0 | 0.87630668 | 0.48175367 | 1.81899325 | 0.54975465 |
-------------------------------------------------------------
| 65.0 | 0.90777748 | 0.41945208 | 2.16419829 | 0.46206487 |
-------------------------------------------------------------
| 69.0 | 0.93482568 | 0.35510696 | 2.63251858 | 0.37986437 |
-------------------------------------------------------------
| 73.0 | 0.95731950 | 0.28903180 | 3.31215980 | 0.30191780 |
-------------------------------------------------------------
| 77.0 | 0.97514935 | 0.22154850 | 4.40151644 | 0.22719443 |
-------------------------------------------------------------
| 81.0 | 0.98822838 | 0.15298584 | 6.45960702 | 0.15480818 |
-------------------------------------------------------------
| 85.0 | 0.99649286 | 0.8367784  | 11.90868239 | 0.8397235  |
-------------------------------------------------------------
| 89.0 | 0.99990252 | 0.1396218  | 71.61507012 | 0.1396354  |
-------------------------------------------------------------
